0 0.46309521922416685 0.21402973512930715 0.10906783510611114 0.09310927012638803
1 0.49140625 0.348828125 0.3359375 0.40859375
2 0.218359375 0.4875 0.43671875 0.284375
2 0.45234375 0.5375 0.4140625 0.184375
2 0.20234375 0.48203125 0.4046875 0.2953125
0 0.8353667231176047 0.5662224592929388 0.11164797444878474 0.10338835085908257
1 0.853125 0.52734375 0.29375 0.2046875
2 0.83359375 0.570703125 0.3328125 0.11796875
2 0.06484375 0.94140625 0.1296875 0.1171875
2 0.520703125 0.859765625 0.27734375 0.28046875
0 0.649609375 0.801953125 0.01953125 0.06171875
2 0.8296875 0.90546875 0.340625 0.1890625