0 0.0125 0.6265625 0.025 0.0265625
2 0.31796875 0.586328125 0.3234375 0.10703125
2 0.26953125 0.3859375 0.25 0.5078125
2 0.226953125 0.169140625 0.1578125 0.27265625
2 0.25703125 0.087890625 0.0640625 0.17578125
2 0.217578125 0.0296875 0.06796875 0.059375
2 0.136328125 0.137890625 0.09296875 0.26015625
1 0.747265625 0.6 0.21953125 0.0796875
2 0.7890625 0.5375 0.2796875 0.2046875
2 0.658203125 0.194921875 0.140625 0.2671875
2 0.7421875 0.118359375 0.09609375 0.196875
2 0.6453125 0.44609375 0.1859375 0.3875
2 0.754296875 0.2609375 0.1453125 0.25078125
2 0.773046875 0.371875 0.2046875 0.28046875
2 0.679296875 0.082421875 0.07109375 0.10234375
0 0.67109375 0.8125 0.04453125 0.09296875
0 0.566796875 0.812890625 0.04765625 0.09609375
1 0.7203125 0.822265625 0.228125 0.35546875
2 0.780078125 0.819921875 0.37578125 0.36015625
2 0.698046875 0.7453125 0.21953125 0.2109375