2 0.185546875 0.292578125 0.18828125 0.22890625
2 0.15859375 0.095703125 0.2421875 0.19140625
2 0.12265625 0.1609375 0.2453125 0.2109375
2 0.039453125 0.06484375 0.07890625 0.1296875
0 0.8643683638443758 0.370703125 0.08698753124958802 0.06015625
1 0.830078125 0.42734375 0.33984375 0.3046875
2 0.84921875 0.148046875 0.3015625 0.29609375
2 0.621875 0.066015625 0.5609375 0.13203125
2 0.4875 0.050390625 0.3921875 0.10078125
2 0.34296875 0.05390625 0.1265625 0.1078125
2 0.0625 0.6046875 0.125 0.05
2 0.221875 0.677734375 0.115625 0.19609375
2 0.199609375 0.79140625 0.16015625 0.1609375
0 0.8994592942418222 0.7578125 0.08892217816533296 0.03671875
1 0.88984375 0.853515625 0.2203125 0.29296875