1 0.137109375 0.27890625 0.25859375 0.1421875
2 0.359765625 0.175 0.26484375 0.35
2 0.235546875 0.2828125 0.21171875 0.134375
2 0.337109375 0.129296875 0.13984375 0.25859375
0 0.874609375 0.310546875 0.05390625 0.07890625
1 0.876953125 0.29609375 0.24609375 0.1078125
2 0.9265625 0.13984375 0.146875 0.2796875
2 0.91640625 0.29453125 0.1671875 0.1109375
2 0.286328125 0.6109375 0.175 0.34140625
2 0.3640625 0.464453125 0.11171875 0.21953125
0 0.0203125 0.9890625 0.040625 0.021875
0 0.5953125 0.98125 0.0515625 0.0375