2 0.328125 0.199609375 0.0890625 0.39921875
2 0.4546875 0.1609375 0.1296875 0.321875
2 0.43515625 0.387109375 0.16875 0.26484375
2 0.85234375 0.3296875 0.1515625 0.3796875
2 0.855859375 0.0796875 0.05078125 0.159375
2 0.905078125 0.041015625 0.04453125 0.08203125
2 0.905859375 0.13984375 0.08203125 0.11875
2 0.9234375 0.4546875 0.153125 0.1296875
1 0.415234375 0.883203125 0.13515625 0.23359375
0 0.503515625 0.850390625 0.01875 0.08515625
0 0.5125 0.8734375 0.0140625 0.0765625
2 0.67890625 0.7734375 0.1625 0.453125
1 0.80625 0.955859375 0.159375 0.08828125
0 0.8359375 0.98671875 0.0203125 0.0265625