2 0.222265625 0.39296875 0.41171875 0.19375
2 0.065625 0.275 0.13125 0.31875
2 0.151953125 0.393359375 0.30390625 0.19296875
2 0.7578125 0.272265625 0.415625 0.43515625
2 0.862890625 0.219921875 0.27421875 0.30234375
2 0.169921875 0.8515625 0.33984375 0.296875
1 0.071875 0.86875 0.14375 0.2625
0 0.02265625 0.688671875 0.0453125 0.13515625
2 0.824609375 0.889453125 0.35078125 0.22109375
1 0.85390625 0.652734375 0.2921875 0.24140625
1 0.630078125 0.5921875 0.16015625 0.2046875
0 0.6859375 0.505078125 0.0703125 0.03046875