0 0.4061985831306051 0.3703583279171564 0.09911018657189175 0.11734323295387128
0 0.459375 0.3 0.0203125 0.1
1 0.12734375 0.29453125 0.2546875 0.4703125
2 0.108203125 0.26484375 0.21640625 0.5296875
2 0.224609375 0.133984375 0.29296875 0.26796875
2 0.8859375 0.08828125 0.2109375 0.1765625
2 0.72421875 0.401171875 0.4671875 0.25703125
2 0.7390625 0.030859375 0.171875 0.06171875
2 0.926953125 0.280078125 0.14609375 0.35703125
2 0.7224348384046672 0.22380242309055048 0.39787091520006523 0.3123825921239112
0 0.388671875 0.958984375 0.07890625 0.08203125
1 0.090234375 0.875 0.18046875 0.25
2 0.737109375 0.597265625 0.29453125 0.13515625