2 0.16796875 0.257421875 0.3296875 0.16484375
0 0.8100390682966812 0.2007381689444813 0.10626436736742591 0.12418882485477489
0 0.95 0.209765625 0.1 0.12265625
0 0.561328125 0.89765625 0.01640625 0.0828125
1 0.405859375 0.8296875 0.32734375 0.340625
2 0.19453125 0.799609375 0.3890625 0.40078125
2 0.320323089949178 0.6587872443159848 0.3252212437799635 0.4952227245643247
2 0.147265625 0.544921875 0.29453125 0.41015625
2 0.28046875 0.45546875 0.2875 0.23125
2 0.846484375 0.4515625 0.30703125 0.2234375
1 0.87890625 0.6984375 0.2421875 0.603125