0 0.18569818634007812 0.09458212957765536 0.10819693511654283 0.08180804990733277
0 0.31523319663410615 0.3963988618803832 0.11652035580511537 0.1414013047166563
1 0.179296875 0.400390625 0.35859375 0.29921875
2 0.2546875 0.444140625 0.509375 0.21171875
2 0.7546875 0.39296875 0.490625 0.3140625
0 0.7444060421451935 0.1362339162381442 0.09840278366526398 0.0471329495445131
0 0.7110652632892529 0.09761536034036164 0.10200149881887359 0.08315229509800934
2 0.253125 0.96484375 0.4734375 0.0703125
0 0.5296875 0.59375 0.040625 0.0875
1 0.679296875 0.85703125 0.33984375 0.2859375
2 0.73359375 0.87734375 0.4484375 0.2453125
2 0.89453125 0.846484375 0.2109375 0.25703125