1 0.55 0.393359375 0.11875 0.23203125
2 0.575390625 0.261328125 0.06796875 0.42578125
2 0.488671875 0.3296875 0.24140625 0.359375
0 0.59609375 0.38515625 0.0265625 0.0484375
2 0.742578125 0.155078125 0.19140625 0.31015625
2 0.725390625 0.41796875 0.23203125 0.1828125
1 0.930078125 0.34140625 0.13984375 0.3140625
0 0.925390625 0.219921875 0.03125 0.0453125
0 0.933203125 0.196875 0.02578125 0.03828125
1 0.33515625 0.809375 0.209375 0.38125
2 0.2328125 0.646484375 0.2203125 0.27421875
0 0.41015625 0.751953125 0.05859375 0.04296875
0 0.3953125 0.715234375 0.06953125 0.0875
0 0.859765625 0.878515625 0.0453125 0.09921875
0 0.93125 0.8578125 0.04921875 0.096875