2 0.067578125 0.219921875 0.13515625 0.43984375
2 0.01875 0.07421875 0.0375 0.1484375
2 0.094921875 0.362890625 0.18984375 0.15390625
2 0.059765625 0.127734375 0.11953125 0.25546875
2 0.029296875 0.03515625 0.05859375 0.0703125
2 0.093359375 0.2703125 0.12265625 0.20703125
1 0.656640625 0.052734375 0.09921875 0.10546875
1 0.609375 0.26796875 0.1328125 0.34375
2 0.54609375 0.219921875 0.1734375 0.43984375
0 0.756640625 0.260546875 0.06640625 0.04609375
0 0.748828125 0.211328125 0.0640625 0.053125
1 0.236328125 0.93125 0.16328125 0.1375
2 0.941796875 0.740625 0.11640625 0.51875
2 0.94140625 0.553515625 0.0828125 0.22734375