0 0.34609375 0.328125 0.0265625 0.0890625
2 0.129296875 0.274609375 0.25859375 0.48984375
1 0.261328125 0.3546875 0.19609375 0.3296875
2 0.110546875 0.142578125 0.21796875 0.28515625
1 0.713671875 0.2703125 0.20703125 0.4984375
0 0.80625 0.383203125 0.0671875 0.11328125
0 0.875 0.3171875 0.053125 0.096875
1 0.171875 0.80390625 0.1734375 0.3921875
1 0.21640625 0.8859375 0.2046875 0.228125
2 0.160546875 0.5640625 0.10390625 0.0890625
2 0.1953125 0.571484375 0.1015625 0.10390625
2 0.86953125 0.697265625 0.259375 0.35546875
1 0.909375 0.845703125 0.18125 0.30859375
2 0.89140625 0.59921875 0.2078125 0.159375