2 0.230078125 0.348046875 0.46015625 0.10390625
2 0.198046875 0.2 0.39296875 0.4
2 0.071484375 0.07265625 0.14296875 0.1453125
2 0.26640625 0.1171875 0.290625 0.234375
1 0.85390625 0.321875 0.2921875 0.15625
0 0.32874754487549473 0.8857916950964528 0.09279327564056317 0.10047218528498317
0 0.3184478997140589 0.8558004475679107 0.052403716087269105 0.08712992688202607
2 0.74140625 0.526171875 0.303125 0.25234375
1 0.794921875 0.851171875 0.41015625 0.29765625
2 0.742578125 0.742578125 0.30546875 0.51484375
0 0.8333216906561031 0.7084399693167406 0.13934294396136265 0.1288810281746205
0 0.9489626723566941 0.8791756098683351 0.09562717721213972 0.09434951927737192