0 0.019140625 0.34453125 0.03828125 0.0953125
1 0.152734375 0.341015625 0.15234375 0.35703125
2 0.26953125 0.086328125 0.1609375 0.17265625
2 0.23046875 0.3015625 0.234375 0.4359375
2 0.239453125 0.037890625 0.15078125 0.07578125
2 0.67578125 0.1328125 0.16875 0.265625
2 0.686328125 0.35390625 0.19453125 0.33125
1 0.637890625 0.419140625 0.16328125 0.20078125
0 0.523828125 0.43046875 0.04453125 0.0765625
2 0.548828125 0.738671875 0.15703125 0.43828125
1 0.7 0.90625 0.1578125 0.1875
0 0.384375 0.907421875 0.05703125 0.0984375
0 0.366015625 0.86328125 0.03203125 0.071875