0 0.01484375 0.3109375 0.0296875 0.0890625
0 0.055078125 0.381640625 0.05546875 0.09921875
1 0.13046875 0.36484375 0.2578125 0.3703125
2 0.320703125 0.201171875 0.23046875 0.40234375
2 0.214453125 0.309375 0.26484375 0.48125
2 0.51171875 0.343359375 0.1046875 0.36015625
1 0.025 0.805859375 0.05 0.38828125
2 0.049609375 0.571484375 0.08828125 0.04296875
2 0.687109375 0.762890625 0.29765625 0.42578125
1 0.549609375 0.82578125 0.18046875 0.3453125
0 0.49765625 0.724609375 0.0484375 0.0703125
0 0.50859375 0.68671875 0.03671875 0.04765625