1 0.091015625 0.2875 0.18203125 0.284375
2 0.146484375 0.1703125 0.29296875 0.340625
2 0.198046875 0.334375 0.39609375 0.190625
2 0.559375 0.16640625 0.08125 0.0890625
2 0.750390625 0.221484375 0.30078125 0.41640625
2 0.8 0.171484375 0.4 0.34296875
2 0.8 0.35625 0.4 0.146875
2 0.427734375 0.61796875 0.34453125 0.2671875
2 0.5421875 0.509375 0.115625 0.159375
1 0.675390625 0.731640625 0.15078125 0.30703125
0 0.7236106611868631 0.8378731068887092 0.09027566048099142 0.05020223997087001
0 0.6992557678063053 0.8810877293814267 0.07780575256024873 0.0771368130112661