2 0.234375 0.26328125 0.1796875 0.42109375
2 0.290625 0.443359375 0.1609375 0.11328125
0 0.978125 0.386328125 0.04375 0.09453125
0 0.910546875 0.43671875 0.07421875 0.1265625
1 0.81328125 0.340625 0.2796875 0.31875
2 0.7390625 0.111328125 0.2015625 0.22265625
2 0.765625 0.28828125 0.1421875 0.4234375
2 0.62734375 0.036328125 0.065625 0.07265625
2 0.368359375 0.821875 0.12265625 0.35625
2 0.768359375 0.6734375 0.24140625 0.346875
1 0.798046875 0.84140625 0.15390625 0.3171875
0 0.96640625 0.8671875 0.040625 0.09921875
0 0.95390625 0.837890625 0.03359375 0.08671875