2 0.3953125 0.1015625 0.209375 0.203125
0 0.421484375 0.026953125 0.10234375 0.05390625
1 0.25 0.144140625 0.5 0.28828125
2 0.294921875 0.29375 0.41015625 0.33125
2 0.64296875 0.2359375 0.2859375 0.446875
2 0.740625 0.41015625 0.48125 0.0984375
1 0.080859375 0.544140625 0.16171875 0.16953125
0 0.09469951553796045 0.6531805125421297 0.1043304552052021 0.061523828160635397
0 0.07824812741907441 0.6122467007738464 0.1011522472985769 0.07400110226293632
1 0.621875 0.614453125 0.24375 0.31015625
2 0.75 0.851953125 0.5 0.29609375
2 0.619140625 0.659375 0.23828125 0.4