2 0.28125 0.2046875 0.3765625 0.409375
2 0.393359375 0.10703125 0.15234375 0.2140625
2 0.189453125 0.05546875 0.28828125 0.1109375
1 0.76875 0.234765625 0.3265625 0.34921875
0 0.8968736334815646 0.1305834020258226 0.0729516565339754 0.07708147840327406
0 0.8890729228734227 0.08890769674538354 0.040355326302517015 0.04653748530067894
2 0.234765625 0.6140625 0.46953125 0.409375
2 0.1234375 0.46015625 0.246875 0.1015625
1 0.294140625 0.81640625 0.32109375 0.3671875
0 0.445703125 0.737890625 0.04765625 0.11171875
0 0.8413470714470712 0.7706728134912119 0.04551801530148101 0.09045125961093844
0 0.8423338367485522 0.6825553378014714 0.07525901923042237 0.07642305913596861
1 0.7578125 0.828515625 0.325 0.34296875
1 0.568359375 0.7046875 0.19765625 0.590625