1 0.398828125 0.393359375 0.35546875 0.15234375
2 0.201171875 0.31953125 0.25859375 0.3
2 0.416015625 0.331640625 0.40703125 0.27578125
1 0.805859375 0.408984375 0.37265625 0.12109375
2 0.83828125 0.239453125 0.25625 0.46015625
2 0.8328125 0.367578125 0.328125 0.20390625
2 0.407421875 0.8359375 0.42421875 0.328125
0 0.152734375 0.868330294378566 0.05 0.09511305267345413
0 0.119140625 0.902705020707339 0.065625 0.09920111600890884
2 0.884375 0.519921875 0.23125 0.10078125
2 0.837890625 0.758984375 0.32421875 0.48203125
2 0.71953125 0.544140625 0.14375 0.14921875