2 0.258984375 0.28984375 0.50078125 0.5796875
2 0.38671875 0.11015625 0.23125 0.2203125
2 0.204296875 0.433203125 0.40859375 0.29296875
2 0.24765625 0.161328125 0.315625 0.32265625
2 0.34375 0.065625 0.1921875 0.13125
2 0.140234375 0.305078125 0.28046875 0.26015625
2 0.8515625 0.2640625 0.296875 0.5265625
1 0.72109375 0.397265625 0.4234375 0.36484375
2 0.915234375 0.1515625 0.16953125 0.303125
0 0.523828125 0.340625 0.02890625 0.0734375
1 0.084765625 0.78984375 0.16953125 0.4203125
1 0.72734375 0.78984375 0.403125 0.4203125
0 0.5876793894184373 0.8332625224170831 0.13253694029820454 0.1318338410900349
0 0.520703125 0.73515625 0.02265625 0.115625