0 0.019921875 0.283203125 0.03984375 0.08984375
1 0.116015625 0.2484375 0.23203125 0.221875
2 0.274609375 0.1796875 0.44765625 0.359375
2 0.121875 0.104296875 0.24375 0.20859375
2 0.493359375 0.084765625 0.07265625 0.16953125
2 0.876171875 0.1796875 0.24765625 0.359375
1 0.706640625 0.1796875 0.35390625 0.359375
1 0.401171875 0.825390625 0.25703125 0.34921875
2 0.421875 0.6953125 0.215625 0.51875
0 0.093359375 0.7057273031799919 0.096875 0.11297502461060631
2 0.90703125 0.5828125 0.1859375 0.446875
1 0.953125 0.879296875 0.09375 0.24140625
0 0.565234375 0.7421875 0.07109375 0.109375