2 0.3234375 0.22109375 0.371875 0.3703125
2 0.096875 0.33046875 0.19375 0.184375
2 0.30546875 0.474609375 0.4078125 0.25078125
2 0.1538101053389928 0.21127228530677788 0.24122898451677105 0.2314620543815013
2 0.0265625 0.15703125 0.053125 0.134375
2 0.03359375 0.268359375 0.0671875 0.12265625
2 0.7546875 0.119140625 0.490625 0.23828125
1 0.85859375 0.24609375 0.2828125 0.3375
2 0.656640625 0.07734375 0.29453125 0.1546875
0 0.816356164990798 0.40437877191080196 0.09758482123840295 0.06573982264544576
0 0.8435446995178987 0.44510407061190804 0.10645132817225704 0.0776085771096728
0 0.200390625 0.96796875 0.09921875 0.0640625
0 0.18977678761597172 0.7692946598980932 0.10656043094579867 0.0822960771096728
1 0.305078125 0.741015625 0.40859375 0.28203125
2 0.188671875 0.69453125 0.36015625 0.1890625
2 0.819140625 0.739453125 0.36171875 0.27890625
1 0.934375 0.810546875 0.13125 0.27890625