0 0.3265625 0.14765625 0.0359375 0.0890625
0 0.230859375 0.071484375 0.06171875 0.14296875
1 0.141015625 0.15 0.25859375 0.3
2 0.18046875 0.15 0.190625 0.3
2 0.09296875 0.080859375 0.1859375 0.16171875
2 0.791796875 0.070703125 0.19921875 0.14140625
2 0.714453125 0.223828125 0.24453125 0.15234375
1 0.93125 0.1703125 0.1375 0.259375
0 0.948828125 0.0765625 0.03203125 0.04609375
0 0.96015625 0.055078125 0.02578125 0.03828125
2 0.946484375 0.5234375 0.10703125 0.271875
2 0.924609375 0.78203125 0.15078125 0.4359375