0 0.097265625 0.661328125 0.04453125 0.09296875
0 0.15390625 0.70703125 0.0671875 0.0453125
1 0.29765625 0.6109375 0.2234375 0.2375
2 0.30390625 0.5484375 0.23125 0.3625
2 0.223828125 0.5234375 0.17109375 0.4125
2 0.205078125 0.083203125 0.04296875 0.125
1 0.501171875 0.512109375 0.16328125 0.43515625
0 0.44921875 0.675390625 0.059375 0.10390625
2 0.333203125 0.86484375 0.17265625 0.2703125
1 0.264453125 0.94296875 0.18671875 0.1140625
0 0.200390625 0.96796875 0.04296875 0.0640625
0 0.442578125 0.755859375 0.03359375 0.05234375
1 0.525390625 0.86484375 0.21171875 0.2703125
2 0.7046875 0.86484375 0.26875 0.2703125