2 0.3578125 0.14765625 0.4234375 0.2953125
2 0.141015625 0.03515625 0.28203125 0.0703125
2 0.666796875 0.06796875 0.19453125 0.1359375
2 0.831640625 0.17265625 0.33671875 0.3453125
2 0.08828125 0.819140625 0.1765625 0.22578125
2 0.43046875 0.78984375 0.278125 0.4203125
2 0.054296875 0.6640625 0.10859375 0.16875
2 0.23671875 0.922265625 0.365625 0.15546875
2 0.263671875 0.7484375 0.32578125 0.3375
0 0.95859375 0.98046875 0.0828125 0.0390625
2 0.898046875 0.755078125 0.20390625 0.35078125
2 0.784765625 0.661328125 0.43046875 0.16328125
2 0.687109375 0.636328125 0.23515625 0.11328125