2 0.272265625 0.398828125 0.26484375 0.36171875
2 0.312890625 0.159375 0.11484375 0.30546875
2 0.352734375 0.3390625 0.1375 0.40390625
2 0.411328125 0.1765625 0.05703125 0.1515625
1 0.74296875 0.494140625 0.2046875 0.17109375
2 0.619140625 0.277734375 0.25234375 0.5359375
2 0.655078125 0.440625 0.27890625 0.278125
2 0.6640625 0.0203125 0.0671875 0.040625
2 0.35234375 0.78984375 0.175 0.4203125
0 0.98203125 0.923046875 0.0359375 0.09921875
1 0.89296875 0.890625 0.2140625 0.21875
2 0.89375 0.829296875 0.209375 0.34140625