1 0.3828125 0.16484375 0.1140625 0.3296875
2 0.341015625 0.114453125 0.19765625 0.22890625
1 0.79609375 0.23984375 0.171875 0.1796875
2 0.223828125 0.478515625 0.14140625 0.2203125
2 0.308203125 0.7421875 0.21953125 0.4265625
1 0.39765625 0.903515625 0.084375 0.19296875
0 0.878515625 0.990625 0.03515625 0.01875
0 0.86171875 0.943359375 0.046875 0.06953125
1 0.851171875 0.958984375 0.20859375 0.08203125
1 0.679296875 0.784375 0.29296875 0.43125
2 0.57890625 0.59296875 0.15703125 0.271875
2 0.45234375 0.411328125 0.025 0.16328125