0 0.15460333363595424 0.38986872555302804 0.05223660685760416 0.09667555267345414
1 0.10703125 0.45546875 0.2140625 0.328125
1 0.55 0.552734375 0.3484375 0.13359375
2 0.54609375 0.087109375 0.16875 0.17421875
2 0.581640625 0.491796875 0.25703125 0.25546875
2 0.447265625 0.337109375 0.31484375 0.37265625
2 0.6228127188461109 0.31775583326704854 0.1577112357510419 0.40016472668681724
2 0.094921875 0.836328125 0.18984375 0.32734375
2 0.18984375 0.6921875 0.09375 0.1453125
2 0.594921875 0.969140625 0.21640625 0.06171875
2 0.42421875 0.809765625 0.26875 0.38046875
2 0.33359375 0.722265625 0.0875 0.20546875