0 0.09853047461588726 0.06946854342374584 0.10849525271353358 0.0738743993475448
0 0.1804776368164455 0.15406681210213166 0.12037445499752568 0.09197041868236289
1 0.2046875 0.53671875 0.409375 0.4296875
2 0.18125 0.550390625 0.3625 0.41328125
2 0.7046875 0.52578125 0.590625 0.478125
1 0.821875 0.164453125 0.35625 0.32890625
1 0.23046875 0.960546875 0.3578125 0.07890625
0 0.1633581962353275 0.9539119970957683 0.06939180913596861 0.07263861600890867
0 0.10007860724846118 0.9606020734205641 0.051221663274411536 0.053688621339908774
2 0.601953125 0.886328125 0.38515625 0.21328125
2 0.8046875 0.871875 0.390625 0.184375