2 0.077734375 0.13125 0.07734375 0.115625
2 0.084375 0.0671875 0.05 0.1234375
2 0.051953125 0.2375 0.10390625 0.16953125
0 0.788671875 0.044140625 0.04140625 0.08828125
0 0.67421875 0.234375 0.05078125 0.175
1 0.8265625 0.194921875 0.2015625 0.38984375
2 0.879296875 0.101953125 0.21328125 0.20390625
2 0.132421875 0.909765625 0.25078125 0.18046875
0 0.5953125 0.9671875 0.0671875 0.04296875
0 0.60390625 0.914453125 0.0578125 0.06171875
2 0.7859375 0.776171875 0.1984375 0.44765625
2 0.80546875 0.602734375 0.090625 0.32109375
1 0.739453125 0.899609375 0.13671875 0.20078125