0 0.31920366525866795 0.19337600244057498 0.06700621369925486 0.10428412540538937
0 0.2120017105855016 0.2917217964739356 0.0956857256031114 0.20008754910649565
1 0.062890625 0.225 0.12578125 0.45
2 0.703515625 0.330859375 0.44765625 0.23828125
2 0.57734375 0.153125 0.1953125 0.3
0 0.337109375 0.967578125 0.05546875 0.06484375
0 0.471484375 0.963671875 0.01640625 0.05234375
1 0.6859375 0.859765625 0.30625 0.28046875
2 0.607421875 0.725 0.25546875 0.55
0 0.8609730087410057 0.8490004853944463 0.07951075887879462 0.10528356371699221
0 0.868056788746137 0.7727126978539074 0.08940338846548564 0.06014834172016936