2 0.35 0.2296875 0.2796875 0.4453125
2 0.24815859263606957 0.179296875 0.25763287603436213 0.253125
2 0.32265625 0.472265625 0.334375 0.27421875
2 0.14268420261777498 0.3140625 0.2757828920273624 0.2015625
2 0.08359375 0.228515625 0.1671875 0.14765625
2 0.08518215364418284 0.11953125 0.13639312802354436 0.1734375
2 0.84609375 0.202734375 0.3078125 0.40546875
0 0.96796875 0.523828125 0.0640625 0.10859375
1 0.4171875 0.857421875 0.1453125 0.28515625
2 0.328515625 0.72265625 0.32265625 0.2265625
2 0.223046875 0.7 0.44609375 0.18125
0 0.9875 0.884375 0.025 0.096875