1 0.2328125 0.1546875 0.19375 0.309375
2 0.27578125 0.1546875 0.1078125 0.309375
2 0.165234375 0.075390625 0.27265625 0.15078125
2 0.730859375 0.203125 0.30703125 0.2125
2 0.709375 0.08046875 0.1203125 0.1609375
2 0.5703125 0.1546875 0.1359375 0.309375
2 0.118359375 0.71875 0.23671875 0.5625
1 0.23125 0.81328125 0.196875 0.36875
0 0.276953125 0.754296875 0.05859375 0.08125
0 0.311328125 0.6796875 0.03671875 0.1
1 0.932421875 0.89921875 0.13515625 0.2015625
2 0.798828125 0.75 0.27734375 0.5
2 0.862890625 0.84765625 0.27421875 0.3046875
2 0.76015625 0.521875 0.15625 0.24765625
2 0.709375 0.45703125 0.12109375 0.2671875
2 0.77890625 0.51640625 0.09296875 0.1421875
2 0.75703125 0.35703125 0.075 0.0953125