0 0.63828125 0.36484375 0.0265625 0.009375
2 0.813671875 0.266796875 0.28203125 0.20546875
1 0.657421875 0.300390625 0.25078125 0.13828125
2 0.916015625 0.184765625 0.16796875 0.36953125
0 0.016015625 0.758203125 0.03203125 0.09765625
0 0.116796875 0.75234375 0.05859375 0.1046875
1 0.140234375 0.8328125 0.26640625 0.334375
2 0.31875 0.5359375 0.2234375 0.3328125
2 0.1796875 0.75390625 0.19765625 0.353125
2 0.716015625 0.619140625 0.24296875 0.371875
1 0.61171875 0.8078125 0.203125 0.384375
0 0.650390625 0.609375 0.034375 0.0546875