1 0.2078125 0.2015625 0.4078125 0.3765625
2 0.39609375 0.244921875 0.4984375 0.28984375
2 0.636328125 0.231640625 0.10703125 0.20078125
1 0.814453125 0.309375 0.24921875 0.1609375
2 0.859765625 0.238671875 0.28046875 0.30234375
2 0.194140625 0.60390625 0.38828125 0.428125
1 0.176171875 0.84375 0.35234375 0.3125
2 0.287109375 0.546484375 0.57421875 0.31328125
2 0.54609375 0.484375 0.2359375 0.1890625
2 0.35366940568325944 0.7581163390446668 0.5196718073378243 0.2985292689947343
2 0.6 0.59140625 0.1796875 0.1875
2 0.655859375 0.512890625 0.06796875 0.13828125