1 0.096484375 0.52109375 0.19296875 0.2375
2 0.130078125 0.46171875 0.26015625 0.35625
2 0.020703125 0.095703125 0.04140625 0.19140625
2 0.048046875 0.041796875 0.09609375 0.08359375
2 0.031640625 0.34609375 0.06328125 0.4546875
2 0.06796875 0.12421875 0.1359375 0.2375
2 0.0921875 0.22734375 0.184375 0.2671875
2 0.79296875 0.3375 0.309375 0.6046875
1 0.702734375 0.48984375 0.19765625 0.3
0 0.702734375 0.23359375 0.06796875 0.1453125
0 0.632421875 0.430078125 0.034375 0.065625
2 0.373828125 0.91171875 0.15234375 0.1765625
1 0.591015625 0.83203125 0.23046875 0.3359375
2 0.58359375 0.76328125 0.2671875 0.246875