2 0.118359375 0.493359375 0.23671875 0.31328125
2 0.069140625 0.19453125 0.13828125 0.325
2 0.078125 0.0640625 0.0796875 0.128125
2 0.115234375 0.153125 0.11484375 0.30625
2 0.10390625 0.337109375 0.175 0.46484375
1 0.73671875 0.578125 0.215625 0.14375
2 0.842578125 0.51875 0.25546875 0.2625
0 0.65234375 0.612890625 0.03125 0.07421875
0 0.636328125 0.625 0.03984375 0.05
1 0.176953125 0.941796875 0.19140625 0.11640625
0 0.114453125 0.975390625 0.03671875 0.04921875
2 0.59765625 0.859375 0.2953125 0.28125
2 0.51796875 0.873828125 0.1359375 0.25234375