0 0.084375 0.578515625 0.090625 0.08203125
1 0.369140625 0.49140625 0.34140625 0.25625
2 0.49375 0.201953125 0.1515625 0.40390625
2 0.419921875 0.437890625 0.29921875 0.36328125
2 0.46640625 0.146484375 0.20625 0.29296875
2 0.506640625 0.021484375 0.12578125 0.04296875
1 0.78046875 0.470703125 0.421875 0.29765625
2 0.64609375 0.388671875 0.153125 0.46171875
2 0.784765625 0.4015625 0.43046875 0.4359375
0 0.24072912416917588 0.8560452399925769 0.08549019789030421 0.11202968848918218
0 0.12413770657224732 0.795770602668105 0.07596964867609249 0.10841336555840364
1 0.346484375 0.816796875 0.44609375 0.36640625
2 0.47109375 0.809765625 0.196875 0.38046875