0 0.30142364088674567 0.04625735831421809 0.10216336555840363 0.07453126324684392
1 0.3609375 0.1484375 0.4171875 0.296875
2 0.785546875 0.18125 0.42890625 0.3625
2 0.71953125 0.346484375 0.3 0.04609375
2 0.901953125 0.10625 0.19609375 0.2125
2 0.73125 0.168359375 0.3234375 0.33671875
2 0.688671875 0.05234375 0.23828125 0.1046875
2 0.294140625 0.76875 0.50078125 0.4625
2 0.107421875 0.9453125 0.21484375 0.109375
1 0.429296875 0.74296875 0.28046875 0.3890625
0 0.40992778041672456 0.5757166798210973 0.13311015038411292 0.14423612803763391
1 0.9359375 0.58125 0.128125 0.4046875
2 0.8109375 0.787109375 0.378125 0.42578125
0 0.964453125 0.4765625 0.07109375 0.0703125