0 0.2565683697913478 0.12768928740595564 0.1061173488211363 0.07944384727034208
2 0.219921875 0.505859375 0.43984375 0.36796875
1 0.249609375 0.301171875 0.38046875 0.36796875
1 0.91875 0.383984375 0.1625 0.40234375
0 0.9515625 0.284765625 0.096875 0.05078125
0 0.966015625 0.269140625 0.06796875 0.09453125
2 0.324609375 0.83359375 0.23046875 0.2875
2 0.333984375 0.885546875 0.21171875 0.22890625
2 0.02109375 0.802734375 0.0421875 0.06796875
2 0.733203125 0.844921875 0.53359375 0.31015625
1 0.901171875 0.827734375 0.19765625 0.27578125