0 0.400390625 0.4203125 0.03828125 0.1390625
1 0.1640625 0.299609375 0.328125 0.38046875
2 0.083984375 0.204296875 0.16796875 0.40859375
1 0.705078125 0.38671875 0.28046875 0.20625
2 0.5875 0.284765625 0.3359375 0.41015625
0 0.7037099214170416 0.26472863466667196 0.08896068068726617 0.08995506175762476
0 0.950390625 0.411328125 0.09921875 0.11171875
1 0.5921875 0.851953125 0.2828125 0.29609375
2 0.5421875 0.744921875 0.2453125 0.51015625
0 0.8639762957954439 0.8216604558598595 0.12329473710970121 0.09017402210332363
0 0.585244865446862 0.6924803873718102 0.05307076831736577 0.060048601411925875