0 0.060546875 0.266796875 0.04609375 0.090625
1 0.12890625 0.303125 0.2578125 0.39375
2 0.313671875 0.0859375 0.11171875 0.171875
2 0.21484375 0.2671875 0.2625 0.465625
2 0.29140625 0.214453125 0.15625 0.42890625
2 0.576953125 0.023828125 0.07734375 0.04765625
2 0.478125 0.31796875 0.2171875 0.3640625
2 0.41953125 0.10625 0.1 0.2125
2 0.485546875 0.11328125 0.1421875 0.18203125
2 0.541015625 0.071484375 0.08203125 0.14296875
2 0.5515625 0.078515625 0.128125 0.15703125
2 0.469921875 0.57890625 0.20078125 0.1578125