0 0.030078125 0.094921875 0.06015625 0.14609375
0 0.0743608100197676 0.42440699462297715 0.09809713241536144 0.07862275666391767
1 0.100390625 0.284375 0.20078125 0.3734375
2 0.2046875 0.084765625 0.409375 0.16953125
2 0.57265625 0.021484375 0.0734375 0.04296875
2 0.281640625 0.108984375 0.47890625 0.21796875
1 0.740234375 0.346875 0.26171875 0.40625
0 0.8156875193778209 0.4882152619428453 0.09808349687674198 0.07627900666391767
1 0.324609375 0.584765625 0.56953125 0.06953125
1 0.3171875 0.7078125 0.553125 0.315625
0 0.20928804933385434 0.8235055557537813 0.11701984923787423 0.10885582594338974
0 0.29852274527552 0.9255788696229772 0.0981016775949013 0.07940400666391767