2 0.16506855362827447 0.19653135887220413 0.1823965186982713 0.24118157981717356
2 0.10146058696691063 0.1604526177635443 0.17967041335136283 0.1411088052100677
2 0.3203125 0.21484375 0.1984375 0.4296875
2 0.142578125 0.362890625 0.28515625 0.13359375
2 0.209765625 0.610546875 0.41953125 0.36171875
1 0.27734375 0.862890625 0.284375 0.27421875
0 0.7625 0.950390625 0.203125 0.09921875
1 0.8390625 0.7109375 0.321875 0.4125
2 0.774609375 0.86640625 0.45078125 0.2671875
2 0.639453125 0.641015625 0.43984375 0.34609375
2 0.452734375 0.5953125 0.06640625 0.1625