0 0.10760300706713508 0.2876606216184113 0.10226688284695733 0.13316758334659032
1 0.208203125 0.390625 0.41640625 0.41875
2 0.296875 0.29765625 0.265625 0.5953125
2 0.331640625 0.108984375 0.19609375 0.21796875
2 0.645703125 0.43515625 0.43203125 0.3296875
1 0.204296875 0.928515625 0.40859375 0.14296875
2 0.1765625 0.867578125 0.353125 0.26484375
2 0.295703125 0.790234375 0.26796875 0.38046875
2 0.1828125 0.760546875 0.246875 0.32109375
2 0.78671875 0.86484375 0.4265625 0.2703125
2 0.83125 0.716015625 0.2171875 0.23203125
2 0.74375 0.8234375 0.315625 0.353125