0 0.6328125 0.456640625 0.0734375 0.06640625
1 0.562890625 0.227734375 0.21328125 0.41015625
2 0.51484375 0.07109375 0.309375 0.1421875
2 0.19765625 0.030859375 0.3953125 0.06171875
2 0.171875 0.080078125 0.34375 0.11015625
1 0.834765625 0.362890625 0.33046875 0.25390625
2 0.834765625 0.35390625 0.33046875 0.271875
2 0.32578125 0.5640625 0.44375 0.1484375
1 0.50546875 0.555859375 0.328125 0.13203125
0 0.5518462294479336 0.85390625 0.10110551042484132 0.06484375
0 0.5371646096603543 0.821484375 0.09803433471887821 0.03984375