2 0.3 0.244140625 0.359375 0.37109375
2 0.07785061004019089 0.06784349712223169 0.14278887167524315 0.09378688231716559
2 0.076953125 0.21640625 0.15390625 0.0859375
2 0.815625 0.085546875 0.36875 0.17109375
2 0.732421875 0.1 0.50546875 0.2
1 0.95 0.34453125 0.1 0.3109375
2 0.286328125 0.741796875 0.38671875 0.41484375
1 0.4078125 0.86640625 0.14375 0.2671875
2 0.73984375 0.809765625 0.5203125 0.35859375
1 0.82578125 0.92109375 0.3484375 0.1578125
0 0.702734375 0.980078125 0.06328125 0.03984375
0 0.644418828126996 0.950633460290914 0.045822299486909836 0.05572782523376922