0 0.14051869379506998 0.39384783333388845 0.15848643019392786 0.13267141066226812
1 0.103515625 0.217578125 0.20703125 0.43515625
2 0.29375 0.1203125 0.5875 0.240625
2 0.16875 0.33125 0.3375 0.4171875
2 0.490625 0.130078125 0.2578125 0.17265625
2 0.45703125 0.06484375 0.265625 0.1296875
1 0.078125 0.698046875 0.15625 0.31640625
2 0.181640625 0.6625 0.36328125 0.2453125
0 0.1612011609206288 0.6252940616262761 0.09673072402541774 0.0840233105039836
0 0.056640625 0.91875 0.11328125 0.140625
2 0.737109375 0.769921875 0.23515625 0.46015625
2 0.977734375 0.581640625 0.04453125 0.07421875
2 0.725390625 0.81015625 0.21171875 0.3