0 0.1795930562148159 0.5484970586613394 0.11166993141174383 0.09056549101432534
0 0.085546875 0.434375 0.17109375 0.134375
1 0.21484375 0.1515625 0.4296875 0.303125
2 0.21484375 0.305859375 0.4296875 0.34140625
2 0.291015625 0.162890625 0.27734375 0.32578125
0 0.5369944760606031 0.5652530108845912 0.11084777110331841 0.08819445916315978
2 0.7151931856773952 0.32093259776889893 0.3215512662320544 0.2610764315731638
0 0.6703795176583319 0.38034231410363495 0.10144549756436802 0.08630457694917482
1 0.605859375 0.269140625 0.35234375 0.46640625
2 0.71484375 0.15234375 0.5703125 0.3046875
2 0.888671875 0.20625 0.22265625 0.340625
0 0.56171875 0.97109375 0.125 0.0578125
1 0.676953125 0.806640625 0.49453125 0.11328125
2 0.82265625 0.826171875 0.3546875 0.15234375