2 0.45234375 0.430078125 0.21875 0.37890625
2 0.309375 0.276171875 0.0921875 0.3625
2 0.43515625 0.297265625 0.16171875 0.35625
2 0.401953125 0.1703125 0.10078125 0.1859375
1 0.95234375 0.303125 0.0953125 0.565625
2 0.8640625 0.021875 0.109375 0.04375
2 0.908984375 0.023046875 0.10546875 0.04609375
0 0.5875 0.95703125 0.04375 0.0859375
0 0.458203125 0.928125 0.0671875 0.14296875
1 0.448046875 0.92109375 0.24609375 0.1578125
2 0.353125 0.744921875 0.1453125 0.25078125
2 0.35390625 0.875390625 0.2765625 0.24921875
2 0.242578125 0.769140625 0.19453125 0.29921875
2 0.899609375 0.926953125 0.20078125 0.14609375