2 0.0984375 0.374609375 0.196875 0.18984375
2 0.163671875 0.291015625 0.1328125 0.22265625
2 0.066796875 0.241796875 0.13359375 0.28515625
2 0.14296875 0.133984375 0.1203125 0.26796875
2 0.076171875 0.06875 0.11640625 0.1375
2 0.069140625 0.026953125 0.10390625 0.05390625
2 0.769140625 0.13203125 0.24140625 0.2640625
1 0.785546875 0.287890625 0.16484375 0.36328125
0 0.94921875 0.287890625 0.04140625 0.09453125
0 0.937890625 0.259375 0.034375 0.0828125
2 0.071484375 0.734765625 0.14296875 0.53046875
2 0.09140625 0.61640625 0.1828125 0.29375
1 0.183984375 0.8703125 0.17109375 0.259375
2 0.834375 0.83515625 0.2046875 0.3296875
1 0.958984375 0.790234375 0.08203125 0.41953125
2 0.799609375 0.522265625 0.05703125 0.10546875