0 0.296875 0.031640625 0.103125 0.06328125
0 0.267549972015925 0.3023125870862232 0.08777331693788462 0.06582554201145392
1 0.36171875 0.324609375 0.4765625 0.39921875
2 0.187890625 0.45234375 0.37578125 0.2140625
2 0.089453125 0.39921875 0.17890625 0.228125
1 0.84296875 0.08359375 0.3140625 0.1671875
2 0.512890625 0.729296875 0.17421875 0.33984375
2 0.330859375 0.83046875 0.53828125 0.3390625
2 0.10625 0.940625 0.2125 0.11875
2 0.22696981937053437 0.8072476173814296 0.4075203301668677 0.20774305872054305
2 0.075 0.777734375 0.15 0.13828125
0 0.7053476224000378 0.6263955244270866 0.10952548620519006 0.06373633068109026