2 0.18203125 0.16328125 0.0859375 0.2734375
2 0.07265625 0.193359375 0.1453125 0.21328125
2 0.0625 0.133984375 0.09765625 0.18515625
2 0.795703125 0.15 0.18984375 0.3
2 0.85625 0.200390625 0.253125 0.19921875
2 0.82734375 0.040234375 0.1046875 0.08046875
2 0.10703125 0.534375 0.16875 0.34921875
2 0.137109375 0.3890625 0.10703125 0.178125
2 0.719921875 0.86328125 0.13984375 0.2734375
2 0.7078125 0.62109375 0.115625 0.4015625
2 0.675390625 0.3765625 0.05078125 0.153125
2 0.67578125 0.32890625 0.0515625 0.0578125