1 0.0984375 0.316796875 0.196875 0.48515625
2 0.223828125 0.339453125 0.43203125 0.43984375
2 0.325390625 0.1703125 0.22890625 0.340625
0 0.484375 0.51796875 0.0890625 0.0828125
1 0.732421875 0.46953125 0.53515625 0.1796875
2 0.8796875 0.410546875 0.240625 0.29765625
2 0.955859375 0.28828125 0.08828125 0.4578125
0 0.06774082891075413 0.8929641933882888 0.0753005393459539 0.09512829506457728
1 0.1546875 0.86875 0.309375 0.2625
2 0.276171875 0.7796875 0.32734375 0.440625
2 0.198828125 0.68828125 0.26796875 0.2578125
1 0.85078125 0.816015625 0.2984375 0.36796875
1 0.64609375 0.9515625 0.278125 0.096875