2 0.1796875 0.025 0.359375 0.05
0 0.7867590275875902 0.11032078040032864 0.11149077792830404 0.10494867328319835
0 0.7690868487093464 0.07198602647138727 0.0972678256443121 0.0863613391227986
1 0.827734375 0.074609375 0.34453125 0.14921875
0 0.18087087573313934 0.8837197390439998 0.12107049581612869 0.10929157092583353
1 0.1796875 0.87109375 0.359375 0.2578125
2 0.1796875 0.48671875 0.359375 0.5734375
2 0.1796875 0.3984375 0.359375 0.396875
2 0.074609375 0.60078125 0.14921875 0.384375
0 0.8716242291364134 0.8456985853008101 0.12045634215265544 0.09757282092583353
0 0.954296875 0.779296875 0.09140625 0.14921875
1 0.86640625 0.44921875 0.2671875 0.4796875
2 0.8 0.412109375 0.4 0.42421875
2 0.759765625 0.56171875 0.48046875 0.3765625