2 0.10625 0.4421875 0.2125 0.234375
2 0.263671875 0.43203125 0.41171875 0.2546875
2 0.2625 0.2125 0.4140625 0.334375
2 0.074609375 0.276953125 0.14921875 0.20703125
1 0.862109375 0.2546875 0.27578125 0.509375
0 0.8180491976448192 0.11008944675862913 0.11295508068109043 0.10885028276940982
1 0.352734375 0.75234375 0.23359375 0.3859375
2 0.223046875 0.711328125 0.44609375 0.30390625
2 0.265625 0.80078125 0.4078125 0.3984375
2 0.08359375 0.867578125 0.1671875 0.26484375
2 0.85859375 0.79453125 0.2828125 0.4109375
0 0.966796875 0.6515625 0.06640625 0.0765625