2 0.4875 0.22421875 0.19375 0.290625
2 0.398828125 0.329296875 0.23359375 0.08046875
2 0.40390625 0.044140625 0.0859375 0.08828125
2 0.405859375 0.17421875 0.121875 0.23984375
2 0.426953125 0.06796875 0.08984375 0.125
2 0.953125 0.233984375 0.09375 0.27109375
0 0.986328125 0.284765625 0.02734375 0.10078125
1 0.919140625 0.27734375 0.16171875 0.184375
2 0.9046875 0.1078125 0.190625 0.215625
0 0.58359375 0.975 0.05 0.05
1 0.4578125 0.9171875 0.2125 0.165625
2 0.375 0.7796875 0.4046875 0.440625
2 0.496484375 0.400390625 0.04296875 0.06171875
2 0.484375 0.8015625 0.1640625 0.396875
2 0.8609375 0.74609375 0.278125 0.5078125
1 0.92265625 0.87578125 0.1546875 0.2484375