1 0.228515625 0.378125 0.38203125 0.203125
2 0.23046875 0.33828125 0.378125 0.2828125
2 0.22109375 0.18515625 0.340625 0.3703125
2 0.358203125 0.238671875 0.12265625 0.29921875
2 0.354296875 0.07421875 0.13046875 0.1484375
2 0.262109375 0.023046875 0.22421875 0.04609375
1 0.6976893283225458 0.24692653352674282 0.3817189732113434 0.44929947365357564
0 0.8588557891588013 0.20681058797081348 0.09106710511284995 0.11951131784239592
0 0.9064117404576955 0.17616755795057362 0.08191424756436802 0.08702968848918217
2 0.209765625 0.849609375 0.41953125 0.30078125
2 0.678515625 0.73984375 0.51796875 0.5203125
2 0.821875 0.5921875 0.35625 0.225
1 0.91484375 0.81640625 0.1703125 0.3671875