2 0.757421875 0.134765625 0.21953125 0.26953125
2 0.731640625 0.213671875 0.23984375 0.11171875
2 0.725 0.06484375 0.1328125 0.1296875
2 0.695703125 0.1453125 0.12265625 0.20390625
1 0.164453125 0.842578125 0.15546875 0.31484375
0 0.067578125 0.78125 0.0234375 0.09140625
0 0.04765625 0.806640625 0.0390625 0.08203125
0 0.562109375 0.931640625 0.03828125 0.0890625
2 0.8265625 0.82734375 0.2203125 0.3453125
1 0.665625 0.86953125 0.196875 0.2609375
2 0.851953125 0.72734375 0.19296875 0.5453125
2 0.839453125 0.461328125 0.1171875 0.2109375
2 0.70546875 0.7 0.1359375 0.49296875
2 0.759375 0.391015625 0.08828125 0.2390625
2 0.79296875 0.329296875 0.0671875 0.11953125
2 0.84765625 0.309375 0.084375 0.0796875