0 0.027734375 0.5609375 0.05546875 0.1125
0 0.053125 0.669921875 0.10625 0.13984375
1 0.2046875 0.590625 0.409375 0.2984375
2 0.298046875 0.566796875 0.22265625 0.34609375
2 0.259375 0.4609375 0.3 0.4421875
1 0.505078125 0.584765625 0.19140625 0.31015625
0 0.6277331501345088 0.5479035303589241 0.06569793726214943 0.10089079262762528
0 0.5746963569025855 0.5525617138732951 0.09508168973360745 0.1141244549975255
1 0.162890625 0.940234375 0.32578125 0.11953125
2 0.821875 0.9375 0.35625 0.125
2 0.958984375 0.875 0.08203125 0.25