1 0.13984375 0.4109375 0.2796875 0.1578125
2 0.13984375 0.244921875 0.2796875 0.48984375
2 0.066015625 0.384765625 0.13203125 0.21015625
2 0.10390625 0.093359375 0.2078125 0.18671875
2 0.098046875 0.028125 0.15859375 0.05625
2 0.74140625 0.28046875 0.5171875 0.41875
1 0.4984375 0.36484375 0.4375 0.25
2 0.7671875 0.244921875 0.465625 0.48984375
2 0.50078125 0.244921875 0.4 0.48984375
0 0.4304718230891532 0.83203125 0.1030556525178965 0.11953125
0 0.5283258586760253 0.895703125 0.12345145250377901 0.134375
1 0.7515625 0.758984375 0.496875 0.48203125
2 0.769921875 0.620703125 0.38359375 0.26171875
2 0.81640625 0.736328125 0.3671875 0.49296875