0 0.4640625 0.489453125 0.0109375 0.08359375
2 0.210546875 0.540625 0.27890625 0.1578125
1 0.398046875 0.49296875 0.14296875 0.253125
2 0.2328125 0.2796875 0.22109375 0.49921875
2 0.291796875 0.100390625 0.16328125 0.20078125
2 0.1734375 0.0890625 0.0859375 0.178125
0 0.96171875 0.41640625 0.03671875 0.090625
1 0.878125 0.4625 0.2375 0.3140625
2 0.694921875 0.405078125 0.28984375 0.42890625
2 0.784375 0.245703125 0.2296875 0.49140625
2 0.7515625 0.049609375 0.1234375 0.09921875
1 0.4203125 0.8421875 0.0984375 0.315625
2 0.3859375 0.809765625 0.1671875 0.38046875