0 0.13984375 0.3128471964644701 0.0953125 0.05098463584218216
1 0.123828125 0.39453125 0.24765625 0.3453125
2 0.04921875 0.128515625 0.0984375 0.25703125
2 0.360546875 0.081640625 0.43828125 0.16328125
0 0.678515625 0.5453125 0.14921875 0.0484375
1 0.709765625 0.296875 0.26015625 0.4828125
2 0.80390625 0.27421875 0.3921875 0.4453125
2 0.741015625 0.425 0.32265625 0.2890625
1 0.038671875 0.803515625 0.07734375 0.31796875
1 0.6890625 0.71484375 0.21875 0.290625
2 0.78984375 0.675390625 0.4203125 0.21171875
0 0.609375 0.7953125 0.059375 0.0921875
0 0.640625 0.819249719287552 0.09140625 0.10241072658635506