2 0.213671875 0.384375 0.42734375 0.5703125
1 0.39921875 0.4484375 0.240625 0.4421875
2 0.18125 0.25625 0.3625 0.5125
2 0.396484375 0.232421875 0.24609375 0.46484375
1 0.919921875 0.46875 0.16015625 0.4015625
2 0.747265625 0.138671875 0.36171875 0.27734375
2 0.58125 0.064453125 0.1234375 0.12890625
2 0.801171875 0.414453125 0.39765625 0.51015625
2 0.81796875 0.0890625 0.3109375 0.178125
0 0.4033341897919673 0.9404778739198456 0.07547502461060632 0.09729770169720223
1 0.2875 0.91171875 0.346875 0.1765625
1 0.641796875 0.905078125 0.24453125 0.18984375