0 0.55 0.403125 0.1 0.09375
2 0.103125 0.140625 0.20625 0.28125
1 0.4359375 0.225 0.328125 0.45
2 0.390234375 0.158203125 0.41953125 0.31640625
0 0.95 0.227734375 0.1 0.12109375
2 0.8 0.059375 0.4 0.11875
2 0.878125 0.14375 0.24375 0.2875
2 0.64375 0.125 0.0875 0.1515625
1 0.392578125 0.679296875 0.41484375 0.36171875
0 0.58203125 0.769921875 0.0359375 0.12265625
0 0.555859375 0.909375 0.08828125 0.1015625
2 0.805078125 0.50625 0.38984375 0.1125
0 0.8396614933116027 0.4879562741934672 0.06047895774732641 0.05756945253973793