2 0.305078125 0.05859375 0.08359375 0.1171875
2 0.23515625 0.2890625 0.284375 0.3015625
2 0.240625 0.070703125 0.078125 0.14140625
2 0.965625 0.28359375 0.06875 0.3125
1 0.181640625 0.692578125 0.1578125 0.4421875
1 0.170703125 0.9484375 0.18828125 0.103125
2 0.25859375 0.819921875 0.278125 0.36015625
0 0.0453125 0.984375 0.0703125 0.03125
2 0.911328125 0.8296875 0.17734375 0.340625
2 0.748828125 0.845703125 0.27890625 0.30859375
2 0.759765625 0.603515625 0.11796875 0.30625
2 0.70078125 0.804296875 0.1671875 0.39140625