0 0.446875 0.160546875 0.02578125 0.03984375
1 0.412890625 0.17734375 0.17421875 0.2046875
2 0.208984375 0.075390625 0.18359375 0.15078125
2 0.3203125 0.13984375 0.2875 0.2796875
2 0.3109375 0.055078125 0.121875 0.11015625
2 0.95 0.13984375 0.1 0.2796875
0 0.3859375 0.7109375 0.04453125 0.09140625
0 0.3625 0.835546875 0.07109375 0.18984375
1 0.190234375 0.841015625 0.23359375 0.31796875
2 0.0890625 0.56484375 0.16640625 0.52265625
1 0.780859375 0.919140625 0.18828125 0.16171875
2 0.712109375 0.803125 0.21953125 0.39375
0 0.84921875 0.925390625 0.040625 0.09609375
0 0.923046875 0.898046875 0.0515625 0.096875