1 0.08046875 0.4046875 0.1609375 0.15
2 0.095703125 0.23984375 0.12109375 0.4796875
2 0.084375 0.362890625 0.165625 0.23359375
2 0.633203125 0.065234375 0.09453125 0.13046875
0 0.055859375 0.896484375 0.03828125 0.09453125
0 0.11171875 0.96484375 0.0484375 0.0703125
2 0.338671875 0.62421875 0.16171875 0.2890625
1 0.23125 0.865234375 0.21875 0.26953125
2 0.32109375 0.789453125 0.2078125 0.42109375
2 0.444140625 0.549609375 0.03828125 0.13984375
2 0.283984375 0.539453125 0.08203125 0.11953125
2 0.683984375 0.904296875 0.20859375 0.19140625
2 0.61328125 0.72109375 0.0671875 0.4828125