0 0.0890625 0.65546875 0.178125 0.1078125
1 0.184375 0.45234375 0.36875 0.5140625
2 0.381640625 0.241796875 0.11640625 0.36484375
2 0.219921875 0.344140625 0.43984375 0.22265625
0 0.59296875 0.679296875 0.1125 0.06015625
0 0.49375 0.612109375 0.1078125 0.09765625
1 0.538671875 0.494140625 0.19765625 0.30234375
1 0.219921875 0.8171875 0.43984375 0.215625
0 0.041015625 0.866796875 0.08203125 0.11484375
0 0.109375 0.973046875 0.10625 0.05390625
0 0.79921875 0.748046875 0.096875 0.07734375
1 0.628515625 0.8015625 0.37734375 0.184375