0 0.006640625 0.395703125 0.01328125 0.09765625
0 0.02265625 0.44296875 0.02734375 0.046875
1 0.110546875 0.39609375 0.22109375 0.3078125
2 0.2703125 0.275 0.21875 0.55
2 0.211328125 0.36875 0.25234375 0.3625
2 0.305859375 0.11875 0.14765625 0.2375
2 0.2640625 0.086328125 0.1140625 0.17265625
1 0.436328125 0.317578125 0.11328125 0.46484375
2 0.562109375 0.29453125 0.31328125 0.5109375
2 0.564453125 0.164453125 0.25390625 0.32890625
2 0.1265625 0.903515625 0.253125 0.19296875
2 0.227734375 0.7671875 0.22421875 0.434375
2 0.06484375 0.8578125 0.1296875 0.284375
2 0.163671875 0.70234375 0.16328125 0.3046875
2 0.226953125 0.773828125 0.16015625 0.20078125
2 0.2078125 0.615234375 0.0890625 0.13046875
0 0.48671875 0.751953125 0.0890625 0.1171875
1 0.442578125 0.76640625 0.12578125 0.4140625
2 0.573046875 0.775 0.30390625 0.45
2 0.740625 0.775 0.2328125 0.45
2 0.526171875 0.62890625 0.19296875 0.1578125