0 0.5305346795209028 0.09018116056310602 0.10408939437666671 0.07976673676543364
1 0.48515625 0.273046875 0.26875 0.38828125
2 0.485546875 0.473046875 0.26796875 0.27265625
2 0.064453125 0.52109375 0.12890625 0.1765625
2 0.26796875 0.5390625 0.4578125 0.140625
2 0.83359375 0.5359375 0.3328125 0.146875
2 0.68671875 0.45234375 0.134375 0.128125
2 0.674609375 0.55234375 0.11015625 0.1140625
1 0.46796875 0.691796875 0.303125 0.16484375
2 0.215234375 0.865625 0.43046875 0.26875
0 0.9133228432742364 0.8962888424280582 0.12087750408406243 0.09693712014004516
0 0.8656932157572397 0.8616837292148825 0.09120818787965276 0.09633565260503385