2 0.125 0.2578125 0.25 0.378125
2 0.16875 0.099609375 0.321875 0.14921875
2 0.16484375 0.3390625 0.3296875 0.3265625
2 0.2546875 0.356640625 0.15 0.15703125
1 0.508203125 0.443359375 0.35703125 0.33203125
2 0.791796875 0.3625 0.41640625 0.49375
2 0.595703125 0.350390625 0.53203125 0.51796875
2 0.915625 0.446875 0.16875 0.2984375
2 0.825 0.477734375 0.2515625 0.26328125
2 0.13671875 0.735546875 0.2734375 0.25234375
2 0.2640625 0.7078125 0.13125 0.190625
2 0.28046875 0.762109375 0.0984375 0.14140625
2 0.85859375 0.717578125 0.2828125 0.21640625
1 0.534375 0.753125 0.409375 0.2875
2 0.66484375 0.741015625 0.6703125 0.26328125
0 0.7440978953011768 0.7901763555165917 0.0934232679539809 0.07974777556754517
0 0.523828125 0.9671875 0.13671875 0.065625