1 0.34296875 0.1640625 0.353125 0.328125
2 0.191796875 0.248828125 0.38359375 0.18203125
2 0.26953125 0.18125 0.5 0.3171875
0 0.9210885385632887 0.09014961384437577 0.11590328990858687 0.09179380803494937
1 0.308984375 0.933203125 0.42109375 0.13359375
0 0.43146311238460616 0.6380513256949288 0.09131851282028158 0.049992091720169364
0 0.4658359583318303 0.603830284299071 0.09717040653397539 0.0750739123370204
0 0.954296875 0.6484375 0.09140625 0.06875
1 0.873828125 0.580078125 0.25234375 0.38359375
2 0.8546875 0.856640625 0.290625 0.28671875
2 0.719140625 0.901171875 0.39921875 0.19765625
2 0.6125 0.90625 0.1859375 0.1875