1 0.372265625 0.541796875 0.09453125 0.15546875
2 0.06484375 0.334375 0.1046875 0.5703125
2 0.23359375 0.33828125 0.215625 0.43984375
2 0.208203125 0.55078125 0.25703125 0.1375
2 0.278125 0.08515625 0.075 0.1703125
2 0.290234375 0.286328125 0.09609375 0.4953125
2 0.55 0.03125 0.16875 0.0625
2 0.55234375 0.207421875 0.2140625 0.41484375
1 0.63515625 0.419140625 0.1515625 0.40078125
0 0.76171875 0.350390625 0.0296875 0.08203125
0 0.783984375 0.370703125 0.0359375 0.07734375
1 0.232421875 0.8765625 0.14609375 0.246875
0 0.83515625 0.937109375 0.03671875 0.08828125
1 0.694921875 0.9 0.20234375 0.2
2 0.55234375 0.808203125 0.1734375 0.37734375
2 0.59140625 0.83046875 0.2328125 0.3390625