0 0.026953125 0.426171875 0.05390625 0.10390625
1 0.164453125 0.3890625 0.32890625 0.321875
2 0.335546875 0.3953125 0.26796875 0.309375
2 0.413671875 0.191015625 0.11171875 0.38203125
1 0.809765625 0.3796875 0.33828125 0.340625
2 0.9 0.268359375 0.2 0.53671875
0 0.6219182705806732 0.3611334153105766 0.13720342887824372 0.046145738918723464
0 0.6269454859243063 0.31724011278909947 0.1280707683173657 0.06514472241038013
2 0.37265625 0.848046875 0.19375 0.30390625
2 0.74765625 0.721875 0.4390625 0.34375
1 0.677734375 0.84765625 0.28359375 0.3046875