0 0.05063745575982548 0.41082186774251533 0.08664265787279354 0.08763404381093612
1 0.112890625 0.372265625 0.22578125 0.21484375
2 0.29453125 0.42265625 0.190625 0.1140625
0 0.6502360582351725 0.3896383637837359 0.10307618141174384 0.08967391693047429
0 0.45390625 0.189453125 0.128125 0.11640625
1 0.573046875 0.36953125 0.36640625 0.2203125
2 0.85 0.366796875 0.3 0.22578125
2 0.634375 0.4140625 0.3078125 0.13125
1 0.1171875 0.641015625 0.234375 0.32265625
0 0.07421875 0.5015625 0.10625 0.04375
2 0.708984375 0.94921875 0.58203125 0.1015625
1 0.501953125 0.805078125 0.22421875 0.34609375