1 0.4515625 0.516015625 0.1765625 0.14765625
2 0.28125 0.24453125 0.17890625 0.36640625
2 0.2578125 0.430859375 0.215625 0.31796875
2 0.36875 0.5140625 0.234375 0.1515625
2 0.12734375 0.053515625 0.0796875 0.10703125
2 0.1796875 0.178125 0.1125 0.221875
2 0.16796875 0.078125 0.08359375 0.115625
2 0.969140625 0.38515625 0.06171875 0.409375
2 0.63125 0.733203125 0.1828125 0.28671875
2 0.69453125 0.9203125 0.278125 0.159375
1 0.86328125 0.942578125 0.1859375 0.11484375
0 0.901953125 0.96640625 0.0328125 0.03671875
0 0.895703125 0.93125 0.03203125 0.0453125