0 0.05703125 0.645703125 0.1109375 0.04765625
0 0.037109375 0.442578125 0.07421875 0.08046875
1 0.184765625 0.362890625 0.36953125 0.41796875
2 0.135546875 0.171484375 0.27109375 0.34296875
2 0.465625 0.12890625 0.1921875 0.178125
1 0.90234375 0.43046875 0.1953125 0.3296875
0 0.9198677696761621 0.5401360613850048 0.11228199400710626 0.0561050751355733
0 0.16562010119979656 0.7372726696489674 0.10853287426483096 0.08888575887879462
0 0.303515625 0.974609375 0.13203125 0.05078125
1 0.222265625 0.778515625 0.29453125 0.21796875
2 0.222265625 0.723828125 0.29453125 0.10859375
1 0.873828125 0.750390625 0.25234375 0.16171875
0 0.8336231928444254 0.7750016803348807 0.09430659995457162 0.08567894564707786