1 0.06875 0.219921875 0.1375 0.43984375
2 0.196484375 0.219921875 0.33046875 0.43984375
2 0.209375 0.12265625 0.26875 0.2453125
0 0.63359375 0.26796875 0.05546875 0.09765625
0 0.653515625 0.351171875 0.06640625 0.10859375
1 0.8359375 0.27890625 0.30625 0.321875
2 0.85078125 0.2453125 0.2984375 0.3890625
2 0.948046875 0.101171875 0.10390625 0.20234375
2 0.88125 0.080859375 0.1625 0.16171875
2 0.365234375 0.512109375 0.08359375 0.14453125
2 0.222265625 0.833984375 0.29296875 0.33203125
2 0.202734375 0.605859375 0.11171875 0.271875
2 0.27109375 0.646484375 0.140625 0.178125
2 0.326171875 0.600390625 0.08203125 0.153125
2 0.33984375 0.56484375 0.134375 0.25