1 0.352734375 0.234375 0.13359375 0.15
2 0.316796875 0.173046875 0.20546875 0.27265625
2 0.3390625 0.054296875 0.1609375 0.10859375
2 0.765234375 0.258984375 0.16171875 0.10078125
2 0.625 0.108984375 0.0671875 0.21796875
2 0.713671875 0.1546875 0.20546875 0.309375
2 0.81328125 0.1546875 0.109375 0.309375
2 0.312109375 0.783203125 0.21484375 0.43359375
1 0.353515625 0.912109375 0.13203125 0.17578125
2 0.654296875 0.808984375 0.29765625 0.38203125
2 0.75390625 0.710546875 0.18046875 0.509375
1 0.853125 0.962109375 0.1921875 0.07578125