2 0.07109375 0.203515625 0.1421875 0.34765625
1 0.61640625 0.256640625 0.39375 0.31796875
2 0.79296875 0.14921875 0.4140625 0.2984375
0 0.8095573083449977 0.21368466559348995 0.06407442885919253 0.0610470426276251
0 0.1711447364627529 0.6557548575313745 0.10838018577927473 0.09611143939369349
0 0.0625 0.932421875 0.125 0.12734375
1 0.1328125 0.699609375 0.265625 0.29921875
2 0.301953125 0.628515625 0.23515625 0.15703125
2 0.129296875 0.635546875 0.25859375 0.17109375
1 0.502734375 0.838671875 0.16640625 0.32265625
2 0.698828125 0.697265625 0.55859375 0.29453125
2 0.866015625 0.575390625 0.26796875 0.05078125
2 0.550390625 0.775 0.26171875 0.45
2 0.80859375 0.6609375 0.3359375 0.221875
2 0.90078125 0.5875 0.1640625 0.075
2 0.6635225902082146 0.7246570468692972 0.24778221988539428 0.26479059757972223