0 0.10298040695003899 0.18397360473612032 0.11773746672431687 0.09998934553293921
0 0.1970432430170151 0.03189629735443944 0.05186702702916719 0.05474531203449331
1 0.170703125 0.106640625 0.34140625 0.21328125
1 0.664453125 0.1734375 0.18984375 0.346875
2 0.784765625 0.140234375 0.43046875 0.28046875
2 0.75703125 0.112109375 0.375 0.22421875
2 0.350390625 0.506640625 0.43828125 0.31328125
1 0.17578125 0.48671875 0.3515625 0.2734375
0 0.07021738304412975 0.7813580269858613 0.11692440046753823 0.09448420822938637
0 0.1064159704272452 0.75740039237065 0.10120395169720223 0.07735021215832774
1 0.6421875 0.86484375 0.1453125 0.2703125