0 0.287890625 0.482421875 0.02421875 0.07421875
1 0.151953125 0.360546875 0.24140625 0.31796875
2 0.134375 0.313671875 0.259375 0.41171875
2 0.230078125 0.12578125 0.13984375 0.225
2 0.125 0.107421875 0.171875 0.21484375
2 0.21953125 0.051171875 0.1328125 0.10234375
2 0.6390625 0.39375 0.184375 0.2515625
2 0.2515625 0.738671875 0.096875 0.35234375
0 0.94140625 0.951953125 0.04765625 0.0875
1 0.876171875 0.925390625 0.20546875 0.14921875
2 0.747265625 0.547265625 0.14140625 0.05546875
2 0.70234375 0.766015625 0.290625 0.46796875
2 0.8359375 0.5703125 0.10625 0.1015625