0 0.09140625 0.4078125 0.06953125 0.1984375
0 0.053125 0.29453125 0.04453125 0.10234375
1 0.2578125 0.337890625 0.234375 0.52421875
2 0.35 0.183203125 0.1796875 0.36640625
2 0.758203125 0.147265625 0.16796875 0.29453125
0 0.468359375 0.554296875 0.05703125 0.09140625
1 0.025 0.821875 0.05 0.3390625
2 0.102734375 0.90078125 0.16015625 0.1984375
0 0.52109375 0.84296875 0.04921875 0.1
0 0.516796875 0.966796875 0.03359375 0.06640625
1 0.6359375 0.875390625 0.2953125 0.24921875
2 0.708203125 0.8140625 0.178125 0.32265625